[gd_scene load_steps=5 format=3 uid="uid://dvvtbj3bstguw"]

[ext_resource type="Script" uid="uid://dxh8ucurcf2dw" path="res://scripts/creaturegen/CreatureBody.cs" id="1_nvcnu"]

[sub_resource type="SphereMesh" id="SphereMesh_m2b6i"]
radius = 0.1
height = 0.2

[sub_resource type="BoxMesh" id="BoxMesh_nvcnu"]
size = Vector3(0.03, 0.1, 0.1)

[sub_resource type="BoxMesh" id="BoxMesh_lkcmo"]
size = Vector3(0.03, 0.05, 0.05)

[node name="BodyTestfish" type="Node3D" node_paths=PackedStringArray("AnimationPlayer")]
script = ExtResource("1_nvcnu")
AnimationPlayer = NodePath("AnimationPlayer")

[node name="MeshInstance3D" type="MeshInstance3D" parent="."]
mesh = SubResource("SphereMesh_m2b6i")

[node name="MeshInstance3D2" type="MeshInstance3D" parent="."]
transform = Transform3D(1, 0, 0, 0, 0.70710677, -0.70710677, 0, 0.70710677, 0.70710677, 0, 0, -0.117272645)
mesh = SubResource("BoxMesh_nvcnu")

[node name="MeshInstance3D3" type="MeshInstance3D" parent="."]
transform = Transform3D(1, 0, 0, 0, 0.80803096, -0.58913994, 0, 0.58913994, 0.80803096, 0, 0.08931539, -0.023417562)
mesh = SubResource("BoxMesh_lkcmo")

[node name="MeshInstance3D4" type="MeshInstance3D" parent="."]
transform = Transform3D(-0.25881904, 0.83651626, 0.48296285, -1.4901161e-08, 0.4999999, -0.8660254, -0.9659257, -0.22414388, -0.1294095, 0.096249536, -0.018996574, -0.0030262172)
mesh = SubResource("BoxMesh_lkcmo")

[node name="MeshInstance3D5" type="MeshInstance3D" parent="."]
transform = Transform3D(-0.4999998, -0.74999994, -0.43301266, 0, 0.4999999, -0.8660254, 0.86602527, -0.43301257, -0.24999993, -0.096, -0.019, -0.003)
mesh = SubResource("BoxMesh_lkcmo")

[node name="AnimationPlayer" type="AnimationPlayer" parent="."]
